601115840718
601115679420
601115868802
601115695258
601115713317
601115498198
601115728679
601115503842
601115761208
601115516593
601115772663
601115533071
601115820325
601115549024
601115823370
601115587322
601115840325
601115678239
601115846058
601115689042
601115704623
601115723795
601115507266
601115765975
601115527373
601115812019
601115541125
601115823306
601115578943
601115837739
601115597295
601115840748
601115679455
601115868843
601115697314
601115713365
601115502188
601115738247
601115505313
601115761546
601115524455
601115790393
601115534653
601115822107
601115549087
601115829316
601115592275
601115840710
601115679407
601115867289
601115695251
601115706099
601115498197
601115728669
601115503841
601115757275
601115516586