# Malaysia Phone Numbers (one per line)
# Format: +60XXXXXXXXX or 60XXXXXXXXX
# Add your numbers below:

601115695273
601115713320
601115500443
601115738206
601115505380
601115765647
601115524484
601115790399
601115534665
601115822134
601115549093
601115829358
601115592291
601115840725
601115679427
601115868811
601115689082
601115704640
601115726253
601115503858
601115761239
601115524422
601115790310
601115534611
601115820351
601115549029
601115823386
601115587340
601115840353
601115678252
601115846068
601115697325
601115713382
601115502198
601115738267
601115507299
601115765990
601115533015
601115812050
601115541142
601115823311
601115578965
601115837750
601115599959
601115840754
601115679471
601115868856
601115695270
601115713318
601115500402
601115738205
601115505373
601115765626
601115524467
601115790395
601115534664
601115822122
601115549090
601115829336
601115592289
601115840724
601115679421
601115868805
601115704633
601115726252
601115503846
601115761213
601115524406
601115772671
601115533096
601115820336
601115549026
601115823372
601115587335
601115840352
601115678240
601115846067
601115689057
601115697322
601115713377
601115502189
601115738253
601115507281
601115765978
601115533012
601115812047
601115541136
601115823308
601115578956
601115837743
601115599943
601115840750
601115679468
601115868847
601115695258
601115713317
601115498198
601115728679
601115505340
601115761572
601115524457
601115790394
601115534659
601115822111
601115549088
601115829329
601115592287
601115840718
601115679420
601115868802
601115704623
601115723795
601115503842
601115761208
601115516593
601115772663
601115533071
601115820325
601115549024
601115823370
601115587322
601115840325
601115678239
601115846058
601115689042
601115697314
601115713365
601115502188
601115738247
601115507266
601115765975
601115527373
601115812019
601115541125
601115823306
601115578943
601115837739
601115597295
601115840748
601115679455
601115868843
601115695251
601115706099
601115498197
601115728669
601115505313
601115761546
601115524455
601115790393
601115534653
601115822107
601115549087
601115829316
601115592275
601115840710
601115679407
601115867289
601115697395
601115723779
601115503841
601115757275
601115516586
601115772661
601115533070
601115820323
601115549015
601115823365
601115587321
601115840307
601115678230
601115846033
601115689016
601115695294
601115713362
601115502184
601115738246
601115507245
601115765946
601115527370
601115808679
601115541123
601115823305
601115578940
601115837732
601115597258
601115840747
601115679454
601115868840
601115695235
601115706098
601115498195
601115728648
601115505310
601115761543
601115524454
601115790366
601115534640
601115822105
601115549086
601115829311
601115592271
601115840708
601115679404
601115867281
601115697390
601115723773
601115503839
601115757267
601115516584
601115772645
601115533069
601115820316
601115549011
601115823355
601115585205
601115840302
601115678220
601115846011
601115688631
601115695291
601115713345
601115502182
601115738242
601115507222
601115765943
601115527365
601115808649
601115541118
601115823304
601115578938
601115837712
601115597250
601115840745
601115679449
601115868821
601115695222
601115706077
601115498186
601115728643
601115505308
601115761290
601115524447
601115790356
601115534632
601115820398
601115549077
601115824797
601115592268
601115840706
601115678295
601115867265
601115697381
601115723701
601115503836
601115757219
601115516582
601115772638
601115533068
601115816379
601115549007
601115823354
601115578992
601115840300
601115678215
601115846009
601115688619
601115695289
601115713339
601115502173
601115738239
601115507218
601115765938
601115527325
601115808644
601115541109
601115823303
601115578937
601115837711
601115597242
601115840740
601115679444
601115868820
601115695221
601115706068
601115728642
601115503898
601115761281
601115524443
601115790355
601115534628
601115820394
601115549055
601115824790
601115592248
601115840398
601115678288
601115867259
601115697364
601115723700
601115503815
601115757215
601115516566
601115772626
601115533061
601115816368
601115541186
601115823342
601115578985
601115837799
601115677986
601115846003
601115682567
601115695288
601115713336
601115502167
601115738233
601115507213
601115765935
601115524499
601115808643
601115534691
601115823301
601115578926
601115837709
601115597216
601115840739
601115679441
601115868819
601115695215
601115706001
601115728621
601115503894
601115761273
601115524442
601115790345
601115534621
601115820376
601115549053
601115824781
601115592230
601115840397
601115678272
601115867257
601115697359
601115723685
601115503813
601115738294
601115516546
601115772616
601115533042
601115816342
601115541182
601115823338
601115578984
601115837791
601115671173
601115840789
601115679498
601115868871
601115695287
601115713335
601115502163
601115738229
601115507206
601115765913
601115524495
601115808621
601115534674
601115822198
601115578922
601115836497
601115597215
601115840737
601115679437
601115868815
601115695205
601115704677
601115728620
601115503886
601115761265
601115524441
601115790335
601115534616
601115820371
601115549045
601115824717
601115592227
601115840396
601115678271
601115867203
601115697336
601115723639
601115503810
601115738279
601115516543
601115768082
601115533036
601115816336
601115541178
601115823328
601115578979
601115837780
601115671162
601115840782
601115679495
601115868869
601115695283
601115713327
601115502155
601115738227
601115507204
601115765903
601115524493
601115808609
601115534670
601115822190
601115578920
601115836477
601115597212
601115840733
601115679431
601115868814
601115695200
601115704672
601115726295
601115503861
601115761252
601115524440
601115790333
601115534613
601115820370
601115549040
601115824704
601115587370
601115840394
601115678270
601115846078
601115697334
601115721875
601115503804
601115738273
601115516524
601115767641
601115533032
601115816335
601115541160
601115823321
601115578974
601115837756
601115671143
601115840768
601115679489
601115868863
601115695278
601115713326
601115502144
601115738211
601115505386
601115765672
601115524491
601115808602
601115534667
601115822145
601115562325
601115829379
601115597200
601115840728
601115679429
601115868812
601115689092
601115704657
601115726287
601115503859
601115761243
601115524427
601115790325
601115534612
601115820361
601115549030
601115823393
601115587362
601115840355
601115678260
601115846074
601115697331
601115713384
601115502199
601115738272
601115516521
601115765999
601115533020
601115812094
601115541153
601115823312
601115578971
601115837752
601115671133
601115840763
601115679476
601115868859